20.96
19.45
21.31
20.06
20.11
21.66
19.76
22.59
20.30
21.21
20.62
20.91
21.79
20.72
18.99
19.09
21.19
20.52
21.14
20.45
20.66
21.35
20.88
21.69
21.08
20.44
20.25
20.09
22.01
21.29
20.55
21.57
20.04
21.32
21.70
21.08
20.45
20.67
20.77
20.47
22.66
19.99
19.76
22.43
20.94
20.05
19.74
20.89
21.07
20.61
19.48
20.97
20.98
20.03
20.87
20.04
19.16
21.82
20.65
19.94
21.10
20.71
20.58
20.40
20.18
19.69
20.54
21.50
20.61
20.88
19.62
20.71
22.12
21.36
20.28
20.32
21.14
20.95
21.06
20.13
20.16
22.91
20.18
20.72
22.25
20.97
20.09
20.19
20.59
21.19
22.06
20.24
21.41
19.75
20.27
20.12
20.99
20.21
20.90
20.19
20.66
21.41
19.71
21.44
20.14
21.23
21.30
21.25
21.80
20.92
19.57
21.39
20.75
20.38
20.38
20.27
21.05
19.56
19.96
21.11
21.12
20.52
20.86
21.72
20.82
20.09
