-0.79
-1.72
-0.92
-1.43
0.60
-0.62
-1.24
-1.21
0.06
-1.55
0.15
-2.05
-0.56
-1.39
-1.38
-0.66
-0.89
-0.41
-0.32
-1.08
-0.75
-1.25
1.42
-0.90
-0.05
0.47
-0.49
-1.02
2.62
-0.81
0.59
-0.68
-0.05
-0.51
-0.05
-1.18
-1.76
-0.73
-0.20
0.11
1.73
-1.80
0.18
-0.69
-0.16
-1.15
-0.98
-1.58
-1.67
-0.79
-0.44
-0.89
1.00
-1.01
-0.17
-0.94
-0.35
-1.01
0.03
-1.82
-0.73
-1.05
-1.61
-0.60
-0.48
-0.09
0.84
-1.03
0.61
-0.24
0.36
-1.01
0.41
-1.44
-0.23
-1.20
-0.60
-1.26
-1.51
-0.83
-1.65
0.10
-0.76
-0.33
-0.03
-0.60
0.23
-0.48
-0.14
1.02
-0.67
0.63
0.36
-0.48
-1.29
-1.26
-0.43
-0.72
-0.63
-0.75
-0.75
0.00
-0.71
0.53
-1.50
-0.10
-1.28
-1.18
-0.24
-0.96
-0.94
-0.69
-0.34
-0.10
-0.60
-1.08
-0.23
-0.08
-0.76
-1.51
0.12
0.22
-0.60
-0.61
-0.49
0.37
